891.800000000000
891.830000000000
891.820000000000
891.830000000000
891.880000000000
891.880000000000
891.900000000000
891.910000000000
891.900000000000
891.930000000000
891.930000000000
891.950000000000
891.960000000000
891.960000000000
891.930000000000
891.980000000000
891.980000000000
891.980000000000
891.980000000000
891.990000000000
891.980000000000
891.980000000000
891.980000000000
891.990000000000
891.990000000000
892.010000000000
892.010000000000
892.010000000000
892.010000000000
891.990000000000
892.010000000000
892.010000000000
891.990000000000
892.010000000000
891.990000000000
892.010000000000
892.010000000000
891.960000000000
891.990000000000
891.960000000000
891.990000000000
891.990000000000
891.960000000000
891.990000000000
891.990000000000
891.980000000000
892.010000000000
892.010000000000
892.020000000000
892.020000000000
892.010000000000
892.040000000000
892.040000000000
892.040000000000
892.020000000000
892.060000000000
892.040000000000
892.040000000000
892.060000000000
892.070000000000
892.070000000000
892.070000000000
892.070000000000
892.070000000000
892.070000000000
892.090000000000
892.060000000000
892.090000000000
892.090000000000
892.090000000000
892.090000000000
892.090000000000
892.090000000000
892.090000000000
892.090000000000
892.100000000000
892.110000000000
892.100000000000
892.100000000000
892.100000000000
892.110000000000
892.120000000000
892.110000000000
892.110000000000
892.120000000000
892.090000000000
892.110000000000
892.090000000000
892.120000000000
892.120000000000
892.090000000000
892.110000000000
892.120000000000
892.090000000000
892.120000000000
892.120000000000
892.090000000000
892.120000000000
892.120000000000
892.120000000000
892.090000000000
892.120000000000
892.120000000000
892.120000000000
892.090000000000
892.090000000000
892.120000000000
892.120000000000
892.120000000000
892.120000000000
892.120000000000
892.120000000000
892.120000000000
892.120000000000
892.120000000000
892.120000000000
892.120000000000
892.120000000000
892.120000000000
892.100000000000
892.120000000000
892.120000000000
892.120000000000
892.120000000000
892.120000000000
892.120000000000
892.140000000000
892.140000000000
892.140000000000
892.140000000000
892.140000000000
892.120000000000
892.140000000000
892.140000000000
892.140000000000
892.150000000000
892.150000000000
892.150000000000
892.140000000000
892.140000000000
892.140000000000
892.140000000000
892.140000000000
892.150000000000
892.150000000000
892.140000000000
892.140000000000
892.140000000000
892.140000000000
892.150000000000
892.150000000000
892.150000000000
892.150000000000
892.150000000000
892.150000000000
892.150000000000
892.150000000000
892.150000000000
892.120000000000
892.150000000000
892.120000000000
892.140000000000
892.120000000000
892.140000000000
892.120000000000
892.140000000000
892.120000000000
892.120000000000
892.140000000000
892.140000000000
892.120000000000
892.150000000000
892.120000000000
892.150000000000
892.120000000000
892.150000000000
892.150000000000
892.150000000000
892.120000000000
892.120000000000
892.150000000000
892.150000000000
892.140000000000
892.150000000000
892.150000000000
892.150000000000
892.150000000000
892.150000000000
892.150000000000
892.120000000000
892.150000000000
892.150000000000
892.150000000000
892.150000000000
892.120000000000
892.150000000000
892.150000000000
892.150000000000
892.120000000000
892.150000000000
892.150000000000
892.120000000000
892.150000000000
892.150000000000
892.150000000000
892.150000000000
892.150000000000
892.120000000000
892.120000000000
892.150000000000
892.120000000000
892.120000000000
892.150000000000
892.140000000000
892.120000000000
892.140000000000
892.140000000000
892.140000000000
892.140000000000
892.140000000000
892.140000000000
892.120000000000
892.140000000000
892.140000000000
892.120000000000
892.140000000000
892.140000000000
892.120000000000
892.140000000000
892.140000000000
892.140000000000
892.140000000000
892.120000000000
892.120000000000
892.120000000000
892.120000000000
892.140000000000
892.120000000000
892.140000000000
892.120000000000
892.120000000000
892.120000000000
892.140000000000
892.120000000000
892.120000000000
892.120000000000
892.120000000000
892.100000000000
892.120000000000
892.120000000000
892.120000000000
892.120000000000
892.120000000000
892.120000000000
892.120000000000