21.7800000000000
21.6700000000000
21.5900000000000
21.5800000000000
21.5400000000000
21.6100000000000
21.6200000000000
21.6200000000000
21.6300000000000
21.6300000000000
21.6500000000000
21.6200000000000
21.6500000000000
21.6500000000000
21.6200000000000
21.6400000000000
21.6800000000000
21.6800000000000
21.5900000000000
21.6100000000000
21.5600000000000
21.5400000000000
21.5500000000000
21.5600000000000
21.5700000000000
21.6200000000000
21.6000000000000
21.4900000000000
21.4900000000000
21.5100000000000
21.5000000000000
21.5000000000000
21.4900000000000
21.4300000000000
21.4100000000000
21.5700000000000
21.5300000000000
21.5400000000000
21.5800000000000
21.6500000000000
21.7700000000000
21.9000000000000
21.7500000000000
21.8100000000000
21.7900000000000
21.8600000000000
21.8200000000000
21.8500000000000
21.9100000000000
21.9000000000000
21.9500000000000
21.9900000000000
22.0300000000000
22.0800000000000
21.9600000000000
22
22.0900000000000
22.0900000000000
22.0400000000000
22.0400000000000
22.0500000000000
22.1100000000000
22.0500000000000
22.0300000000000
22.1200000000000
22.2200000000000
22.1400000000000
22.0300000000000
22.0400000000000
22.0300000000000
22.1300000000000
22.1200000000000
22.0700000000000
22
22.0900000000000
22.1400000000000
21.9900000000000
21.9500000000000
22.0800000000000
22.1200000000000
22.0700000000000
22.0600000000000
22.1500000000000
22.1400000000000
22.1400000000000
22.0100000000000
22.0800000000000
22.1400000000000
22.0700000000000
22.0400000000000
22.0500000000000
22.1500000000000
22.1700000000000
22.0400000000000
22.0400000000000
22.1500000000000
22.1500000000000
22.0900000000000
21.9800000000000
22
22.1200000000000
22.1100000000000
22.0800000000000
22
22.0700000000000
22.1900000000000
22.0800000000000
22.0300000000000
22.0700000000000
22.0800000000000
22.1300000000000
22.0900000000000
22.0800000000000
21.9900000000000
22.0900000000000
22.2200000000000
22.1200000000000
22.0100000000000
22.1100000000000
22.2100000000000
22.2400000000000
22.3000000000000
22.1900000000000
22.1600000000000
22.3000000000000
22.3600000000000
22.3500000000000
22.2800000000000
22.2100000000000
22.3500000000000
22.3800000000000
22.3400000000000
22.2100000000000
22.2400000000000
22.4200000000000
22.4100000000000
22.3000000000000
22.2100000000000
22.1800000000000
22.1400000000000
22.2500000000000
22.3700000000000
22.2600000000000
22.1600000000000
22.1300000000000
22.3600000000000
22.3500000000000
22.2600000000000
22.1800000000000
22.2700000000000
22.4000000000000
22.4000000000000
22.2600000000000
22.1400000000000
22.3400000000000
22.4500000000000
22.3500000000000
22.1900000000000
22.1200000000000
22.1700000000000
22.3700000000000
22.3100000000000
22.1700000000000
22.0600000000000
22.1700000000000
22.2400000000000
22.2500000000000
22.2000000000000
22.1000000000000
22.1600000000000
22.3100000000000
22.2900000000000
22.2900000000000
22.1900000000000
22.1400000000000
22.2700000000000
22.2900000000000
22.2200000000000
22.2100000000000
22.1500000000000
22.2100000000000
22.2900000000000
22.2500000000000
22.2600000000000
22.1800000000000
22.2000000000000
22.2300000000000
22.3100000000000
22.3300000000000
22.2200000000000
22.1800000000000
22.1100000000000
22.3000000000000
22.4100000000000
22.2800000000000
22.1900000000000
22.1600000000000
22.1900000000000
22.3500000000000
22.3500000000000
22.2200000000000
22.1900000000000
22.2000000000000
22.3100000000000
22.3400000000000
22.2100000000000
22.1500000000000
22.2800000000000
22.3500000000000
22.3400000000000
22.2300000000000
22.2700000000000
22.3200000000000
22.3500000000000
22.2800000000000
22.1200000000000
22.1600000000000
22.2900000000000
22.3700000000000
22.2200000000000
22.2200000000000
22.4000000000000
22.4600000000000
22.4100000000000
22.3000000000000
22.4100000000000
22.4900000000000
22.4800000000000
22.4400000000000
22.3300000000000
22.4100000000000
22.4300000000000
22.3700000000000
22.3400000000000
22.4400000000000
22.5700000000000
22.5100000000000
22.4200000000000
22.3700000000000
22.4400000000000
22.4500000000000
22.3600000000000
22.3700000000000
22.5300000000000
22.4900000000000
22.2800000000000
22.3400000000000
22.5100000000000
22.5800000000000
22.4400000000000
22.3300000000000
22.5100000000000
22.5200000000000
22.4400000000000
22.2500000000000